0.06999999921665837	-5.464771837940636e-31	-1.7566848181434095e-30	0.12999999933356618	0.6999999921665835	1.2999999933356616
0.1399999979577606	1.912154139635104e-30	0.02731824492023738	0.22047028811283706	0.6999999874110223	0.9047028877927086
0.20997387875773385	0.0019120392804168945	0.0741478847051926	0.28834645140317844	0.6999999920299087	0.6787616329034137
0.2797815395059212	0.007097636459626713	0.13612669402151786	0.33611847773618814	0.6999999940885033	0.47772026333009693
0.3491339732274881	0.016597103148726873	0.209130556072967	0.36637246375170573	0.6999999950344034	0.30253986015517587
0.4176087980220756	0.031129766521484352	0.2893057872912275	0.3817757704755485	0.6999999953825234	0.1540330672384279
0.4846997485171079	0.05109985157193651	0.3731957185580072	0.38498652684870843	0.6999999953749374	0.032107563731599655
0.5498814356630674	0.07662136392742228	0.45786569917103775	0.3785404023985685	0.6999999951503485	-0.06446124450139935
0.6126712934291865	0.10756378931541992	0.5409716331394531	0.3647537610734028	0.6999999947986529	-0.13786641325165686
0.672675903697895	0.14361162791676527	0.6207590723983384	0.3456623432026058	0.6999999943805769	-0.1909141787079704
0.7296165054180308	0.1843273225669945	0.6960081531150031	0.3229972435252398	0.6999999939358293	-0.22665099677366035
0.7833350442690835	0.22920848222824305	0.765949461136918	0.2981900955824057	0.6999999934878767	-0.24807147942834062
0.8337857584470703	0.2777339945037758	0.8301727397296652	0.2723966169150931	0.6999999930479633	-0.25793478667312647
0.8810181375446549	0.32939734961594413	0.8885422995642848	0.24652908951963404	0.6999999926188302	-0.2586752739545904
0.9251562237224239	0.38372808897530736	0.9411254564970912	0.2212912046713968	0.6999999921979192	-0.25237884848237274
0.9663777378512329	0.4403035841816831	0.9881352798945194	0.19721141173945828	0.6999999917798493	-0.24079792931938518
1.0048950875884843	0.49875367954715205	1.02988630777051	0.1746729025033482	0.6999999913581284	-0.2253850923611008
1.0409392288125743	0.5587605104615173	1.0667609101423872	0.15393961098764125	0.6999999909262147	-0.20733291515706956
1.074746640918789	0.620055361414711	1.0991839147916735	0.1351782901618155	0.6999999904780938	-0.1876132082582574
1.1065492694658325	0.6824139428419578	1.1276034404616642	0.11847703916329871	0.6999999900085369	-0.16701250998516787
1.1365670930939917	0.7456510373183277	1.1524763240223221	0.10386075382917949	0.6999999895131631	-0.1461628533411923
1.165002905049118	0.8096151244633079	1.1742569433826904	0.09130396406345534	0.6999999889884041	-0.12556789765724155
1.1920389050558446	0.8741833406511331	1.1933885759578384	0.08074147712665099	0.699999988431515	-0.10562486936804345
1.2178347373094458	0.9392569518012897	1.210296687448147	0.07207729694879038	0.6999999878412495	-0.08664180177860606
1.2425266628699763	1.0047573993812764	1.2253837503986296	0.06519268018694697	0.699999987218942	-0.06884616761843414
1.2662276063930296	1.0706229069553626	1.2390254328047823	0.05995409590507039	0.6999999865624842	-0.052385842818765765
1.2890278561401298	1.136805596637041	1.2515681859686745	0.05621940990612084	0.6999999858593797	-0.03734685998949557
1.3109962210370882	1.2032690507697814	1.2633279170685756	0.05384018819682854	0.6999999851071917	-0.023792217092923024
1.3321814925769178	1.2699862453318045	1.2745889885682176	0.05266223692427622	0.6999999843173588	-0.01177951272552316
1.352614129617142	1.3369377734134722	1.2856032216636155	0.052526629907068204	0.6999999834919848	-0.0013560701720801611
1.3723081224432743	1.4041102856736734	1.2965890404249065	0.05327091164063683	0.6999999826273251	0.007442817335686254
1.3912629966384533	1.4714950947061982	1.3077308167374444	0.05472994984969515	0.6999999817217717	0.01459038209058313
1.40946592336439	1.5390869077419578	1.3191783574937743	0.056736388548299016	0.6999999807750601	0.020064386986038674
1.4268939142317514	1.6068826661000442	1.3310464591999074	0.05912078686003654	0.6999999797872036	0.02384398311737523
1.4435160896396362	1.6748804821482492	1.3434144692725314	0.0617115379341836	0.6999999787582838	0.025907510741470633
1.4592960174788054	1.7430786754163097	1.3563258113972922	0.06433465809748809	0.699999977688365	0.026231201633044803
1.4741941242925656	1.8114749186278274	1.3697874513037671	0.06681353162032264	0.6999999765773742	0.024788735228345432
1.4881701834289174	1.8800655114738303	1.3837692986785792	0.06896869164946962	0.6999999754249245	0.02155160029146983
1.5011858845071167	1.9488448046125646	1.3982035602030005	0.07061771283389039	0.6999999742300684	0.016490211844207674
1.513207485859438	2.017804798252351	1.4129840772641393	0.07157528572220832	0.6999999729909646	0.009575728883179462
1.5242085468228912	2.086934938289391	1.4279656989774903	0.07165353685531134	0.6999999717044509	0.0007825113310300992
1.5341727303373582	2.1562221278124705	1.442963755790129	0.07066265130819425	0.6999999703655106	-0.00990885547117097
1.543096658928375	2.2256509623413265	1.4577537099082307	0.0684118459987181	0.6999999689666278	-0.02250805309476146
1.5509927996567043	2.2952041830184227	1.472071064749209	0.0647107322771596	0.6999999674970254	-0.037011137215585174
1.5578923469622683	2.3648633229080547	1.4856116151764405	0.0593710953101027	0.699999965941784	-0.053396369670568884
1.5638480674855386	2.4346094976632364	1.4980321122682494	0.052209106137918085	0.6999999642808236	-0.0716198917218461
1.5689370687233992	2.5044242635887155	1.5089514001800022	0.04304797107139281	0.699999962487731	-0.09161135066525274
1.5732634541883015	2.5742904344885638	1.517952058582736	0.03172101389903739	0.6999999605283886	-0.11326957172355417
1.576960831351074	2.644192714988897	1.524582553816946	0.018075181322968283	0.6999999583593365	-0.1364583257606911
1.5801946438864984	2.714117973940488	1.5283598685130184	0.001974963655185084	0.6999999559257747	-0.161002176677832
1.5831643042598638	2.7840549488643065	1.5287725479946654	-0.01669326618701741	0.6999999531590886	-0.1866822984220249
1.5861051028132351	2.85399314303246	1.5252840790262814	-0.038016469303646175	0.6999999499737833	-0.2132320311662877
1.5892898601810643	2.9239206524132624	1.5173365106664372	-0.062049649640788886	0.6999999462637796	-0.24033180337142704
1.5930302647558077	2.9938206421142213	1.5043542477731944	-0.08880993847131369	0.6999999418982441	-0.267602888305248
1.5976777886506053	3.0636661833870664	1.485748006052138	-0.11826986855538041	0.6999999367176796	-0.29459930084066727
1.6036239960899936	3.133413166436816	1.4609190262581855	-0.15034956741286284	0.6999999305322758	-0.32079698857482425
1.6112999391962524	3.202991028010841	1.4292638200624364	-0.18490750295479358	0.6999999231272636	-0.3455793554193074
1.6211741703878904	3.27229108831655	1.3901799817798466	-0.221729314953117	0.6999999142855048	-0.36821811998323434
1.633748683518344	3.3411524001933897	1.3430739759001817	-0.2605141787384362	0.6999999038473365	-0.38784863785319196
1.6495518295371114	3.409345208184334	1.28737233433705	-0.3008581047163085	0.6999998918410429	-0.40343925977872325
1.669126952958153	3.4765524462257957	1.2225384050580341	-0.34223363776338456	0.6999998787217109	-0.4137553304707605
1.6930152062778667	3.5423502385384444	1.148097702538147	-0.38396568874723247	0.6999998657055145	-0.4173205098384789
1.7217308137777092	3.6061891910349826	1.0636759694296758	-0.425203878318258	0.699999854995061	-0.41238189571025513
1.7557271488429083	3.6673794442911096	0.9690550435544903	-0.46489305409106013	0.6999998493859461	-0.39689175772802127
1.795352653580909	3.7250840133147625	0.8642519482542054	-0.5017458594213935	0.6999998508524495	-0.3685280533033337
1.840797293515813	3.778326690987407	0.7496250779721946	-0.534224581456735	0.6999998588965652	-0.3247872203534147
1.8920333905547138	3.8260221891725807	0.626005936013738	-0.5605438628793559	0.6999998704925312	-0.26319281422620894
1.9487595710655492	3.8670360752776554	0.4948432106842039	-0.5787209097485476	0.6999998863407045	-0.1817704686919176
2.0103625898706996	3.900278630572948	0.3583240275872105	-0.5869735718238713	0.6999999577463198	-0.08252662075323804
2.0759166037984698	3.9248279947752374	0.21933091852496275	-0.5858280139362918	0.7000000017683402	0.011455578875795349
2.14423963144509	3.940058358253618	0.0806828295144188	-0.5778117464997645	0.7000000056042796	0.08016267436527316
2.2140119141080254	3.945700030657222	-0.055565455167132155	-0.5643419324419952	0.699999992534272	0.1346981405776936
2.2839038308662003	3.9418124526745912	-0.18783708895298198	-0.5466485446466045	0.699999520762361	0.1769338779539067
2.351462752332111	3.9289709977149623	-0.31275017619070894	-0.5258714940242919	0.6876853084875474	0.20777050622312668
2.4154122774007605	3.90829211574073	-0.429190571283558	-0.5029634777768827	0.6720980520875736	0.22908016247409288
2.475404572672304	3.880837139246049	-0.5375404621003143	-0.47868449593721424	0.6597614134111015	0.24278981839668395
2.5312902469089065	3.84752417786948	-0.6383251302008449	-0.45363632099690626	0.6506121717695481	0.2504817494030799
2.5830543003639588	3.8091181626694297	-0.7321318243049977	-0.4282932374275618	0.6445571529068523	0.25343083569344427
2.630756556472144	3.7662450908429808	-0.8195418829125968	-0.4030276185724368	0.641373956879732	0.25265618855125016
2.6744932503293066	3.719414904617239	-0.9010960203306291	-0.37813003089203323	0.6407780217423682	0.24897587680403593
2.7143743093311965	3.669045181296915	-0.97728006021812	-0.3538244512436022	0.6424646211632845	0.2430557964843102
2.750511262292705	3.6154819993488876	-1.048522355902153	-0.33027946456505464	0.6461341834112337	0.23544986678547591
2.783011830883634	3.5590167394415317	-1.1151972132044623	-0.30761630464717804	0.6515069097962752	0.22663159917876577
2.8119784037488165	3.4998988100330033	-1.1776307767379544	-0.28591448503840594	0.6583306100348408	0.2170181960877213
2.837508539591192	3.438344838106255	-1.2361072550342793	-0.26521562488189315	0.6663842207068527	0.20698860156512836
2.859696353828189	3.3745450509937687	-1.290874259433846	-0.245525941542483	0.6754784923441484	0.19689683339410138
2.8786341453249724	3.3086675864614334	-1.3421465843678395	-0.22681777058977262	0.6854546141041147	0.18708170952710365
2.8944139108935136	3.2408616500324214	-1.3901079181575215	-0.2090303832907008	0.6961785702244395	0.1778738729907181
2.906993333896217	3.1720015318312447	-1.434433187167687	-0.19206243043689042	0.6999969829762553	0.16967952853810386
2.9165091826727734	3.1026514607569493	-1.4750664277439103	-0.17578101169818727	0.6999988382810423	0.1628141873870314
2.9232000385027477	3.0329720336654997	-1.5121797959552097	-0.16002985859563854	0.6999992936803608	0.15751153102548757
2.9273008434567305	2.963092305705711	-1.5459072547739245	-0.14463232183584301	0.6999994986429858	0.15397536759795521
2.9290428976689453	2.8931140244161972	-1.5763414263543616	-0.12939417108893442	0.6999996146507421	0.15238150746908607
2.928654742861495	2.8231151317042165	-1.6035309151640846	-0.11410629700936045	0.6999996889325663	0.15287874079573946
2.9263637317336966	2.7531526586755697	-1.627478035959354	-0.09854739467645193	0.6999997403049883	0.15558902332908514
2.922398137602418	2.683265099328779	-1.6481369426140342	-0.08248670007058971	0.6999997777330741	0.16060694605862236
2.9169896915942335	2.6134743693130793	-1.665412163022715	-0.06568684560848498	0.69999980602467	0.1679985446210473
2.9103764621118184	2.5437874782386674	-1.67915754421702	-0.04790689707240966	0.6999998279858188	0.17779948536075318
2.902806014448915	2.474198066994885	-1.6891756036335113	-0.0289056328906927	0.6999998453621648	0.19001264181716962
2.8945388073136	2.404687986313568	-1.6952172681805375	-0.008445128662689625	0.6999998592955972	0.20460504228003076
2.8858517968863158	2.335229120517024	-1.6969819635576433	0.013705283185240238	0.6999998705644921	0.22150411847929863
2.8770422261943933	2.2657856918841373	-1.6941179942134588	0.0377645940455399	0.6999998797188138	0.24059310860299657
2.868431575119238	2.1963173170052315	-1.68622313280119	0.06393512948227917	0.6999998871607648	0.2617053543673928
2.86036962981403	2.1267831272663438	-1.6728453224133903	0.0923968364805022	0.6999998931959982	0.28461706998223024
2.8532385933146376	2.0571473111125136	-1.6534833934596305	0.12330063018265106	0.6999998980686919	0.30903793702148846
2.847457092882758	1.9873864848516816	-1.6275877220596504	0.15676048798428954	0.699999901988114	0.3345985780163851
2.843483832358257	1.9174993481745506	-1.5945608267300542	0.19284384461734572	0.6999999051513646	0.3608335663305615
2.841820474156326	1.8475191227661676	-1.5537580433656681	0.23155965719560526	0.6999999077650972	0.3871581257825955
2.8430130961375735	1.777529292120897	-1.5044886798429227	0.2728432629948959	0.6999999100670629	0.4128360579929064
2.8476512303482564	1.7076831291347991	-1.446018502577369	0.3165368375169157	0.6999999123451162	0.43693574522019774
2.8563630294509346	1.6382273636027582	-1.377575162008275	0.36236388260893687	0.6999999149458364	0.4582704509202124
2.8698045053838657	1.5695300159075563	-1.2983593984645438	0.40989577858660375	0.6999999182575088	0.47531895977666855
2.888640053109559	1.5021117612657207	-1.207566838154381	0.45850815500794995	0.699999922647993	0.48612376421346204
2.913510690704009	1.436678968397426	-1.10442820248357	0.5073249997308077	0.6999999283494869	0.4881684472285772
2.944985854624312	1.3741544679940316	-0.9882800353294273	0.5551497367168688	0.699999935321178	0.4782473698606116
2.9834947403381746	1.3156988016693045	-0.8586832513248648	0.6003862820859593	0.6999999431702062	0.45236545369090553
3.0292351724823074	1.2627100086634262	-0.7156107759431878	0.6409613991832657	0.6999999512101936	0.4057511709730619
3.082063655915118	1.216784517274543	-0.5597219888163288	0.6742747156985682	0.6999999586507828	0.3331331651530257
3.1413818457519658	1.1796179749474527	-0.3927175280029891	0.6972333180812287	0.6999999652900323	0.2295860238266052
3.2060529173613643	1.152828942364174	-0.217702934380461	0.7067686663372281	0.6999999835602565	0.09535348255999443
3.274400649215107	1.1377098278323958	-0.03927071838840347	0.7026376413125699	0.7000000052687876	-0.04131025024658255
3.344346680292792	1.134961584027536	0.13767410206054737	0.6862911028705342	0.7000000076798526	-0.16346538442035713
3.4136843320962797	1.144568355905398	0.308833460103304	0.6597292532964898	0.7000000016801142	-0.26561849574044366
3.4803725422162217	1.165844678948552	0.47091399262302436	0.6257705821908983	0.6999999493732584	-0.3395867110559148
3.5427533136617746	1.1976037440715335	0.6219168872706763	0.5868916284101968	0.6999999188298205	-0.38878953780701403
3.599646728994885	1.2383853330778904	0.7608852804038113	0.545100229309004	0.6999999078671993	-0.41791399101192883
3.6503425302845676	1.2866547261243957	0.8875923176509697	0.5019624485089207	0.6999998981053449	-0.43137780800083336
3.6945322032947807	1.3409435026507306	1.0022780767557882	0.45866431944939934	0.699999889819397	-0.43298129059521345
3.732219074902598	1.3999324683248886	1.1054572903367053	0.4160811111300246	0.699999883063448	-0.42583208319374727
3.7636298763688814	1.4624893211559145	1.1977904738497014	0.3748411592265538	0.6999998774910874	-0.4123995190347079
3.789139008036346	1.5276758413692688	1.2800024573526163	0.3353795778972863	0.699999872568087	-0.3946158132926752
3.8092089041254815	1.5947369882372344	1.3528331076498386	0.2979813837342663	0.699999867733938	-0.37398194163019954
3.824345804930405	1.663080768559071	1.417008646076712	0.262815315379592	0.6999998624755217	-0.3516606835467434
3.8350685567792335	1.7322546117475925	1.4732256046988135	0.22996011849619308	0.6999998563343948	-0.3285519688339891
3.8418876741040084	1.801921659361274	1.5221422826064634	0.1994249919405935	0.6999998488782572	-0.30535126555599584
3.8452921128723627	1.8718388071280985	1.5643745202468466	0.171165618720845	0.6999998396553517	-0.28259373219748507
3.8457416361306676	1.9418373465611212	1.600493890317093	0.14509689987568944	0.6999998281368153	-0.26068718845155525
3.8436631127929886	2.0118064621172644	1.631027212590696	0.12110323624528442	0.6999998136409435	-0.23993663630405024
3.839449500761301	2.0816795084710438	1.656456797460411	0.09904698133308702	0.6999997952221352	-0.2205625491219739
3.833460600189144	2.15142282263654	1.677221120758702	0.07877551770542664	0.6999997714892181	-0.20271463627660385
3.826024922320221	2.2210267525438265	1.6937158044187828	0.06012728232461462	0.6999997402791157	-0.18648235380812023
3.817442213731256	2.2904985661484005	1.7062948713851276	0.04293697405219502	0.6999996980164636	-0.17190308272419594
3.8079863174237873	2.359856917928074	1.715272289327679	0.02704011110659085	0.6999996383263605	-0.15896862945604168
3.7979081529015914	2.4291275775224914	1.7209238356310281	0.01227706062134995	0.6999995486271452	-0.14763050485240897
3.787438667291488	2.498340159278312	1.723489318280408	-0.0015033689002145996	0.6999994001601901	-0.1378042952156455
3.7767916570696594	2.567525625305252	1.723175181658973	-0.01444070280728389	0.6999991097157325	-0.1293733390706929
3.7661663934287084	2.6367143520004297	1.7201575189580107	-0.026659888542805196	0.6999982949363898	-0.12219185735521308
3.7557503400127024	2.7059323421811152	1.7145856894534481	-0.038268670249471025	0.6999731661582275	-0.11608781706665824
3.7458686358671316	2.774181531432131	1.7067041092560327	-0.04936223315012595	0.689608578124046	-0.11093562900654931
3.7366822189092885	2.841357865861505	1.6967054319485706	-0.06001283258763371	0.6780154986330224	-0.1065059943750775
3.728311008065844	2.907492300342227	1.6847490337706674	-0.07026871386165807	0.6666213764229714	-0.10255881274024367
3.7208578878136853	2.9726143352105794	1.6709773634637022	-0.08015459261507174	0.6554714659581389	-0.09885878753413667
3.7144105290497142	3.0367559677253224	1.6555199050646088	-0.08967248993276095	0.6446485442974197	-0.09517897317689197
3.709042859226445	3.0999593945254156	1.6384951103899785	-0.09880305285065695	0.6343094700981098	-0.09130562917896014
3.704816864692546	3.162287493339626	1.6200100089094558	-0.10750764249954824	0.6247120081721441	-0.0870458964889128
3.7017855890341504	3.2238319236142625	1.6001587921886407	-0.11573162736253005	0.6161903545084262	-0.08223984862981806
3.699997556089919	3.284709613472252	1.5790240140494016	-0.12340942852229878	0.6090394227138043	-0.07677801159768718
3.6995011722453155	3.3450391603723606	1.5566851585812487	-0.13047184250009933	0.6033158895660634	-0.07062413977800525
3.7003458989998697	3.4048974706035473	1.5332367250579055	-0.1368558254405264	0.5986427037017258	-0.06383982940427091
3.7025770019367195	3.464271201367261	1.508811278392805	-0.14251600177001486	0.5941563535839872	-0.05660176329488444
3.7062237271654026	3.5230281711207834	1.4835957911321114	-0.1474357210960045	0.5887002717369411	-0.04919719325989659
3.711285649692133	3.5809301760203587	1.457828566882636	-0.15163438941976412	0.5812284603300877	-0.04198668323759608
3.7177248698992513	3.6376880071712185	1.431772891968149	-0.15516833268903688	0.5712193058489324	-0.03533943269272739
3.7254693069953113	3.6930346407942456	1.4056774142304342	-0.15812485673732096	0.5588583147148478	-0.029565240482840968
3.7344257795956186	3.746783341907336	1.3797408969577127	-0.16061188630688142	0.5448982724061006	-0.024870295695604467
3.7444962802248276	3.7988502718260797	1.3540944674788045	-0.16274669495001937	0.5303187884677129	-0.02134808643137945
3.7555906681760063	3.8492429119068263	1.3288031961763793	-0.16464643682357083	0.5159945366238559	-0.018997418735514505
3.767632676662876	3.898029515458002	1.3038802228973967	-0.1664215820312504	0.5025079754989156	-0.01775145207679583
3.780559989676066	3.9453059668162966	1.2793046869309692	-0.16817208893054508	0.49012021736728073	-0.017505068992946588
3.7943209970340552	3.991170184643545	1.255037337450721	-0.16998559721234507	0.4788414978218889	-0.018135082818000223
3.8088707541725753	4.035707181435634	1.231031342931642	-0.17193690138143566	0.4685338318630869	-0.019513041690905845
3.824167691238666	4.078983357342051	1.2072384235399245	-0.17408815463906135	0.45900149069960894	-0.021512532576257078
3.840171603649794	4.121046857226779	1.1836116057904358	-0.1764894586571543	0.4500514676096036	-0.024013040180929212
3.8568428015601226	4.161930909797204	1.1601060474075442	-0.1791796428009345	0.4415240190871807	-0.026901841437802446
3.874142029977911	4.2016579597726205	1.1366790353964409	-0.1821871245744356	0.4333014889847969	-0.030074817735010733
3.8920307682500948	4.240243392891412	1.1132898075371171	-0.1855307908112123	0.4253049030873722	-0.03343666236776705
3.910471631385744	4.27769840251394	1.089899482066758	-0.18922086459018264	0.4174857098128344	-0.036900737789703694
3.929428724231769	4.314031983083384	1.066471156078798	-0.19325973721943773	0.4098170867763405	-0.040388726292550824
3.948867895174497	4.349252222130129	1.0429701292877183	-0.1976427534140932	0.4022867889231899	-0.04383016194655486
3.9687568899719805	4.383367097613108	1.0193641822688795	-0.20235894340898986	0.3948919907070299	-0.04716189994896653
3.9890654281084994	4.416384953751641	0.9956238478915309	-0.20739169929802012	0.3876358529858453	-0.05032755889030267
4.009765227164363	4.448314777048821	0.9717226361325677	-0.21271939503019127	0.3805253338106158	-0.05327695732171143
4.0308299956403255	4.4791663487556415	0.9476371931983972	-0.21831595070156748	0.3735697990607174	-0.05596555671376224
4.052235407629042	4.508950317619036	0.9233473915055197	-0.22415134243543686	0.36678010628155927	-0.058353917338693745
4.073959066446003	4.537678216559304	0.8988363572835778	-0.23019205950945623	0.3601679510861025	-0.060407170740193854
4.095980459608403	4.565362435632878	0.874090448545904	-0.2364015106433317	0.35374535226702636	-0.06209451133875481
4.118280904292539	4.5920161580115835	0.8490991992782092	-0.24274038160616232	0.3475242077511948	-0.06338870962830595
4.140843480257642	4.617653263360996	0.823855246991294	-0.2491669465919651	0.34151588613976575	-0.06426564985802773
4.163652945858214	4.642288202411445	0.798354260971968	-0.25563733616861445	0.33573083608514614	-0.06470389576649377
4.186695631933505	4.665935846813194	0.7725948880600902	-0.2621057650373047	0.3301782045045003	-0.06468428868690243
4.2099593079123405	4.6886113190867595	0.7465787317925267	-0.2685247233472819	0.32486545874568734	-0.06418958309977182
4.2334330143268595	4.710329808387406	0.7203103793747706	-0.2748451358916561	0.3197980097375728	-0.06320412544374245
4.257106856061067	4.7311063787876995	0.6937974891772224	-0.28101649416079444	0.31497883421576	-0.061713582691383044
4.280971751072978	4.750955777788126	0.6670509492641596	-0.2869869669444231	0.31040809502862926	-0.0597047278362867
4.305019130047605	4.769892253756867	0.6400851147735999	-0.29270349594288464	0.3060827596664256	-0.05716528998461561
4.329240583501136	4.787929391937511	0.6129181286777322	-0.29811188365663377	0.30199621870745963	-0.05408387713749095
4.353627454312174	4.805079979493606	0.5855723264583603	-0.30315688164643523	0.29813790793206885	-0.05044997989801458
4.378170375552479	4.821355910702863	0.5580747204267802	-0.3077822880576765	0.2944929404458777	-0.04625406411241273
4.4028587558681185	4.836768143762157	0.5304575537248817	-0.31193106402775495	0.2910417582534649	-0.041487759700784554
4.427680217542551	4.851326720574733	0.5027589074380329	-0.31554547917435855	0.28775981624484803	-0.03614415146603544
4.452619995739742	4.865040860189927	0.47502333678893555	-0.3185672967039444	0.2846173153377283	-0.030218175295859028
4.4776603112072015	4.877919135058077	0.447302504245076	-0.32093800867506367	0.2815790053041389	-0.023707119711192694
4.502779732771384	4.889969736750232	0.41965576889950157	-0.3225991314782202	0.27860408124325087	-0.016611228031565305
4.527952550047446	4.901200834099917	0.3921506832047206	-0.3234925705262517	0.2756462002793906	-0.008934390480314644
4.5531481805806395	4.911621021743141	0.36486334078846766	-0.32356106137018176	0.27265364631313604	-0.000684908439300922
4.5783306387149265	4.9212398507672575	0.337878513590226	-0.3227486918775272	0.2695696699323398	0.008123694926545274
4.603458095357618	4.930068425798734	0.3112895140088985	-0.321001506697552	0.266333027319438	0.01747185179975208
4.62848255797408	4.9381200447455695	0.2851977192768113	-0.31826819103159953	0.2628787357134619	0.027333156659524547
4.653349698161255	4.945410849181605	0.2597117019107517	-0.31450082586463723	0.2591390534846266	0.037673651669623505
4.677998849724599	4.951960445867387	0.23494592259176808	-0.3096557015452789	0.25504468030830474	0.04845124319358354
4.702363193284136	4.957792454170579	0.2110189604566486	-0.3036941712838286	0.2505261579022855	0.05961530261450347
4.726370134357766	4.962934931267688	0.18805128013043257	-0.2965835212182318	0.24551543544239127	0.07110650065596766
4.749941871278323	4.967420627972369	0.16616256367279472	-0.28829782967063927	0.23994754768000304	0.0828569154759248
4.7729961381962855	4.971287033553693	0.14546866692016147	-0.2788187855643674	0.2337623398331066	0.09479044106271914
4.795447098028164	4.974576178223577	0.12607829077329458	-0.268136435090437	0.22690616343125797	0.10682350473930403
4.817206351797609	4.977334176728241	0.10808948571733978	-0.2562498268490397	0.2193334630999223	0.11886608241397317
4.838184025460686	4.979610514672854	0.09158612921033299	-0.2431675288810822	0.21100817679702671	0.130822979679575
4.858289893678842	4.981457099268992	0.07663452797850993	-0.22890799605294565	0.20190488143583066	0.14259532828136548
4.8774345022068335	4.982927116164086	0.06328029907969979	-0.2134997727487009	0.192009631363024	0.15408223304244714
4.8955302560882545	4.984073751818263	0.05154567442286552	-0.19698152317393486	0.1813204571636162	0.16518249574766086
4.912492448658721	4.984948854647974	0.041427354147390745	-0.17940188910994403	0.1698475144828711	0.17579634063990815
4.928240215078814	4.985601616416001	0.0328950069151215	-0.1608191820056377	0.15761289450661617	0.18582707104306326
4.9426974023344314	4.9860773572998855	0.025890482619627866	-0.14130092227865823	0.14465012711108982	0.19518259726979478
4.95579335415583	4.986416493592547	0.020327768504426223	-0.12092324319933322	0.13100342267795034	0.20377679079325006
4.967463613367551	4.986653756601532	0.016093686323640007	-0.09977017953189533	0.11672670808524983	0.21153063667437877
4.977650545595453	4.986817716049174	0.013049298566411755	-0.07793286219045971	0.10188251612340041	0.21837317341435622
4.986303887372692	4.9869306424995505	0.011031967687084287	-0.055508639694260266	0.08654078593178177	0.2242422249619945
4.993381219270783	4.987008722563942	0.009857994602148127	-0.03260014547361849	0.07077762590832541	0.22908494220641773
4.9988483617230095	4.987062619370633	0.009325751411934959	-0.00931432746304863	0.05467408111593131	0.2328581801056986
