0.0049529393869573194 3.4655422202614192e-31 -6.11964573522503e-30 0.12999999532805057 -9.466330862652142e-30 1.0348358900332606e-29 0.04952939386957319 1.2999999532805058
0.04323048875149524 4.3990468399760497e-29 0.01000860792363686 0.2599999852896079 -1.9865024407352504e-28 -7.839305245633805e-29 0.38277549364537916 1.2999998996155728
0.11134271199530428 0.0006817313009160884 0.04624905818161649 0.38154588850792465 0.0006817313009160884 -3.299240732059332e-29 0.6811563486293817 1.2154590321831678
0.18126785717676722 0.003918011178873941 0.10241794188502681 0.4786683938306978 0.0038703402703323406 4.767164950664483e-05 0.6999999597212193 0.9712250532277318
0.25090104601301544 0.011074739929175119 0.17506666961292386 0.5521337157284056 0.010757511956406174 0.0003139594969849089 0.6999999824221376 0.734653218977079
0.31983108996866993 0.02326690493728403 0.261312945666589 0.6030883637720024 0.022207470037657853 0.0010351489865008127 0.6999999890938077 0.5095464804359665
0.38745470205208876 0.041351345049405935 0.3577281828790546 0.6332746947142505 0.03878582506027324 0.0024749395133708838 0.6999999918126736 0.301863309422481
0.4530233311172078 0.06586164457218344 0.4605081039370758 0.6450511239919897 0.0607351951779878 0.004887983943906381 0.6999999928696486 0.11776429277739281
0.5157312071995379 0.09696987788358852 0.5658475636127186 0.6412234107936613 0.08797983662392904 0.008487166078667596 0.699999993036651 -0.038277131983284994
0.5748206214525398 0.13449908012379644 0.6703501649137975 0.624769658533167 0.12017191311900637 0.013423103207946449 0.6999999926820355 -0.16453752260494195
0.629672912751363 0.17798730873546403 0.7713089595791476 0.5985700190781396 0.1567706556282969 0.019780734699746814 0.6999999920364725 -0.261996394550275
0.6798628310622993 0.22678251318936843 0.8667945002743656 0.5652167684870734 0.1971313503060948 0.02759108717275592 0.6999999912682596 -0.3335325059106612
0.7251719604937231 0.28014057403481546 0.9555882040073661 0.5269228338576101 0.24058188421852345 0.03685131051262157 0.699999990501337 -0.38293934629463294
0.7655709548329416 0.3373063077730332 1.0370389267806164 0.4855080967501901 0.2864754367609256 0.047545403574063116 0.6999999898176973 -0.4141473710741998
0.8011849716279696 0.39756941138850427 1.1109074107335646 0.44243176983246213 0.3342190026095813 0.059660505941847256 0.6999999892603099 -0.43076326917727953
0.8322543708356831 0.46029653691360795 1.1772330636831512 0.3988446026686289 0.3832834936466532 0.07319673304442623 0.6999999888406625 -0.4358716716383318
0.8590980886188457 0.5249449294324157 1.2362335362435803 0.3556445224649304 0.43320242560912003 0.08817074587636886 0.6999999885490652 -0.4320008020369852
0.8820830245715534 0.5910637055580686 1.288234911566575 0.31352751469241946 0.48356494588875537 0.10461431601295483 0.6999999883645307 -0.4211700777251091
0.9016001723383718 0.6582878141703832 1.333625905842306 0.27303072503645 0.5340070747703765 0.12256942442684032 0.6999999882622373 -0.404967896559695
0.918046896126563 0.726328280891973 1.3728292299888571 0.2345674599714891 0.5842034072346121 0.1420813253533844 0.6999999882182999 -0.384632650649609
0.9318142537767268 0.7949610696908883 1.4062845276949416 0.19845469836983878 0.6338603839646333 0.1631907730881603 0.6999999882131074 -0.3611276160165029
0.9432782054615084 0.8640159583451161 1.4344387705208987 0.16493318484792463 0.6827115288549113 0.18592636640698865 0.6999999882341689 -0.3352151352191417
0.9527936826644867 0.9333661964805392 1.457741097591015 0.13417911009882671 0.7305146362817101 0.21029774578882338 0.6999999882742776 -0.30754074749097915
0.9606907008544034 1.002919319632668 1.4766397262380517 0.10630735556447304 0.7770506566919664 0.23629018422158393 0.699999988321911 -0.2787175453435366
0.9672719284421956 1.0726092563553744 1.491579076010525 0.08136982854496479 0.8221238894556492 0.2638609372869873 0.6999999883554882 -0.2493752701950826
0.9728113380169534 1.142389731980633 1.5029960604175738 0.05935470754807384 0.8655630088148181 0.2929375512782899 0.6999999883517116 -0.22015120996890947
0.97755372127644 1.2122289017722943 1.5113154913639693 0.040190644662470354 0.9072224257557778 0.32341815535669144 0.6999999882977228 -0.1916406288560349
0.9817149249710487 1.2821051081556323 1.5169452130554288 0.023756129249115798 0.9469835371758425 0.35517358609640365 0.6999999881939017 -0.16434515413354556
0.9854826812061103 1.3520036335022299 1.5202716968881924 0.009891638431713274 0.9847555213565602 0.38805103459230755 0.69999998804825 -0.13864490817402525
0.9890179007085655 1.4219143054575842 1.521656571412387 -0.0015881111212392423 1.0204754722149842 0.4218787987021738 0.699999987869961 -0.11479749552952515
0.9924562993423488 1.4918298061864106 1.5214342356724144 -0.010883518158176621 1.0541077917441128 0.45647168188671355 0.6999999876662164 -0.0929540703693738
0.9959102426045011 1.5617445406858532 1.5199104829938048 -0.01820166646008939 1.085642862005491 0.4916366003465868 0.6999999874418125 -0.07318148301912765
0.9994707145784455 1.6316539310431002 1.5173619682882376 -0.023750019320264968 1.115095089574534 0.5271780236164437 0.6999999871999163 -0.05548352860175579
1.003209339905041 1.701554020441237 1.514036340333552 -0.0277318651589545 1.142500458209918 0.5629029597586973 0.699999986942839 -0.03981845838689533
1.0071804058187364 1.7714412900182088 1.5101528837018525 -0.03034310562668641 1.1679137442115153 0.5986252877057403 0.6999999866724864 -0.026112404677319095
1.011422845284796 1.8413126111510227 1.5059035447887918 -0.03177004428921567 1.1914055487045985 0.6341693244980472 0.6999999863905346 -0.01426938662529262
1.0159621524766682 1.9111652739177123 1.501454241629035 -0.0321879198201908 1.2130592872838644 0.6693725875347408 0.6999999860984624 -0.004178755309751354
1.0208122093835215 1.9809970485562418 1.4969463760284076 -0.031759999940991865 1.2329682551385215 0.7040877686732248 0.6999999857975339 0.0042791987919894225
1.025977008198119 2.0508062503139493 1.492498480501091 -0.030637104465256308 1.2512328594194189 0.7381839778537119 0.6999999854887818 0.011228954757355556
1.0314522589331636 2.120591789086758 1.48820794347077 -0.028957460858294398 1.2679580837730764 0.7715473402464844 0.6999999851730037 0.01679643606961907
1.0372268757891197 2.1903531938036824 1.484152765506049 -0.026846818853197462 1.2832512252016655 0.804081044942543 0.6999999848507754 0.02110642005096936
1.0432843392979019 2.2600906078592327 1.4803933076944562 -0.02441876622067593 1.297219922254977 0.8357049474829242 0.6999999845224766 0.024280526325215344
1.049603934245524 2.329804756339547 1.4769740008567331 -0.021775198750243138 1.3099704767061529 0.8663548255855085 0.6999999841883212 0.026435674704327887
1.0561618658468086 2.399496888657272 1.4739249911813948 -0.019006905699707904 1.3216064583478457 0.8959813795894489 0.6999999838483921 0.027682930505352338
1.0629322586184935 2.4691687018298554 1.471263703964037 -0.016194238458103874 1.3322275739853982 0.9245490583598701 0.6999999835026737 0.028126672416040343
1.0698880438981548 2.538822250305574 1.468996312420658 -0.013407835517640191 1.3419287764839283 0.9520347792496765 0.6999999831510811 0.02786402940463681
1.0770017430255767 2.6084598482238985 1.4671191030043012 -0.010709381370027074 1.3507995871507084 0.9784265983796613 0.699999982793487 0.026984541476131163
1.0842461538929697 2.67808396951244 1.465619732328326 -0.008152380801049398 1.3589236041268191 1.0037223757921054 0.6999999824297404 0.025570005689776774
1.0915949489400405 2.74769715044962 1.4644783737599207 -0.005782933358797946 1.3663781702258966 1.0279284694692346 0.6999999820596834 0.023694474422514513
1.0990231927797667 2.8173018983984677 1.4636687540856663 -0.003640495591408003 1.373234175302347 1.051058483052539 0.6999999816831608 0.021424377673899434
1.1065077875480533 2.8869006094451213 1.4631590824648861 -0.0017586210530839302 1.3795559703771572 1.0731320844334142 0.6999999813000263 0.018818745383240725
1.1140278538263608 2.95649549672797 1.4629128752703477 -0.00016567011923139443 1.3854013731190287 1.0941739061628186 0.699999980910143 0.01592950933852536
1.1215650546342495 3.02608853036762 1.4628896814540864 0.0011145166168235034 1.3908217466812296 1.1142125337202355 0.6999999805133823 0.01280186736054898
1.1291038695637976 3.0956813891319586 1.46304571384061 0.002061986127675875 1.3958621362082853 1.1332795839205212 0.6999999801096166 0.009474695108523718
1.1366318256573626 3.1652754233075666 1.4633343922992426 0.0026600854415960084 1.4005614494810281 1.151408872937531 0.6999999796987117 0.005980993139201333
1.1441396911345336 3.2348716277005094 1.463706805128444 0.0028949213234775633 1.4049526701299424 1.1686356714070474 0.6999999792805147 0.0023483588188155484
1.1516216375677366 3.304470623250292 1.4641120952336721 0.0027548687620592874 1.4090630936060342 1.1849960426764734 0.6999999788548407 -0.0014005256141827588
1.1590753755983745 3.3740726453995884 1.4644977778241546 0.00223012915534225 1.4129145776617742 1.2005262593553674 0.6999999784214569 -0.005247396067170375
1.166502268782414 3.443677537105229 1.4648099964136803 0.0013123384903923575 1.4165238004765695 1.2152622927736605 0.6999999779800663 -0.009177906649498925
1.1739074296589478 3.513284744187662 1.4649937239019064 -5.774671578738703e-06 1.4199025207801022 1.229239369680797 0.699999977530288 -0.013181131619710962
1.181299801648407 3.5828933105812633 1.4649929154479064 -0.0017306819835063213 1.4230578354018755 1.2424915904471026 0.6999999770716377 -0.017249073119275826
1.1886922299082445 3.6525018709518977 1.4647506197363953 -0.0038682997592966737 1.4259924306246228 1.2550516031036034 0.6999999766035071 -0.02137617775790352
1.1961015238015218 3.722108638078055 1.4642090550872782 -0.006424186199113223 1.4287048245591032 1.2669503277374943 0.6999999761251402 -0.025558864398165484
1.2035485131656196 3.7917113823365223 1.4633096566778918 -0.009403692686640397 1.4311895985023282 1.2782167260173931 0.6999999756356116 -0.02979506487527175
1.21105810010137 3.861307400584176 1.4619931009408664 -0.012812070574336988 1.433437615902319 1.2888776109336457 0.6999999751338001 -0.03408377887696589
1.218659307533898 3.930893471677643 1.4601993129748254 -0.016654534953589206 1.4354362281400526 1.2989574921883367 0.6999999746183644 -0.03842464379252216
1.2263853253214565 4.000465795818603 1.4578674625657773 -0.020936286954524902 1.4371694668616497 1.308478453045906 0.6999999740877143 -0.04281752000935698
1.234273554203123 4.070019914853142 1.4549359541695686 -0.025662496142544372 1.4386182230581086 1.317460054849902 0.6999999735399819 -0.0472620918801947
1.2423656473754594 4.139550610590442 1.4513424159557344 -0.03083824458194587 1.4397604135020363 1.3259192658181982 0.69999997297299 -0.05175748439401496
1.2507075489665476 4.209051778143403 1.4470236927663693 -0.03646843412728752 1.440571135516105 1.3338704111432191 0.6999999723842174 -0.05630189545341654
1.259349528127183 4.278516271238647 1.4419158476063936 -0.04255765848570623 1.4410228113710972 1.3413251418416638 0.6999999717707611 -0.060892243584187
1.2683462068768416 4.3479357164055985 1.4359541760604597 -0.0491100415732004 1.4410853238966754 1.348292420216848 0.6999999711292945 -0.06552383087494167
1.2777565792195495 4.417300292946929 1.4290732378338915 -0.0561290436693611 1.4407261451394162 1.3547785202135636 0.6999999704560186 -0.07019002096160698
1.2876440183750801 4.48659847563162 1.4212069094482307 -0.0636172368624522 1.439910460123915 1.360787041357852 0.6999999697466077 -0.07488193193091097
1.298076268247574 4.555816737156647 1.4122884619945613 -0.07157605127439005 1.438601287967428 1.3663189353799732 0.699999968996146 -0.0795881441193786
1.3091254144712277 4.624939207616829 1.4022506677686146 -0.08000549356778178 1.436759602769836 1.3713725450154968 0.6999999681990524 -0.08429442293391716
1.320867829527555 4.693947288531566 1.3910259395899027 -0.08890383927037249 1.4343444568517913 1.37594365486391 0.699999967348992 -0.0889834570259071
1.3333840855200616 4.762819219432896 1.3785465066517186 -0.09826730051309793 1.4313131090473892 1.380025554552742 0.6999999664387694 -0.09363461242725439
1.3467588272235702 4.8315295956566695 1.364744630868041 -0.10808967087557615 1.427621160875997 1.3836091148034968 0.6999999654602014 -0.0982237036247822
1.361080597006281 4.900048836837175 1.349552867883686 -0.11836194917918463 1.4232227035226424 1.3866828773179931 0.6999999644039588 -0.10272278303608484
1.3764416021705572 4.968342606728583 1.3329043771990672 -0.12907194427818974 1.4180704786486362 1.389233159693018 0.6999999632593745 -0.107099950990051
1.3929374142015298 5.036371186411277 1.3147332862296226 -0.14020386319320113 1.4121160561337622 1.3912441768187527 0.6999999620142038 -0.11131918915011406
1.4106665883926641 5.104088804736705 1.2949751135645524 -0.15173788533274107 1.405310031916873 1.392698180411509 0.6999999606543253 -0.1153402213953994
1.4297301913931453 5.17144293207078 1.273567257192715 -0.16364972608734182 1.3976022491496367 1.3935756184608883 0.6999999591633635 -0.11911840754600754
1.4502312234726258 5.238373546060159 1.2504495539952003 -0.17591019379097272 1.3889420459024011 1.3938553164198624 0.6999999575222072 -0.12260467703630908
1.472273921828301 5.3048123813082775 1.2255649173172487 -0.18848474496622977 1.379278532652419 1.3935146819150008 0.6999999557083898 -0.12574551175257043
1.4959629311991838 5.370682178535603 1.198860059858256 -0.20133304394566645 1.3685609027294963 1.3925299345814643 0.699999953695282 -0.1284829897943667
1.5214023285653884 5.435895953015904 1.1702863093622948 -0.21440853443618255 1.3567387787739857 1.390876362308715 0.699999951451027 -0.130754904905161
1.5486944899908577 5.500356306799099 1.139800524525513 -0.22765803240804025 1.3437625980523957 1.3885286046904357 0.699999948937117 -0.13249497971857696
1.577938789941636 5.563954814375049 1.1073661179964935 -0.24102135187755197 1.3295840391454614 1.385460963775814 0.6999999461064608 -0.13363319469511722
1.6092301269288933 5.626571516860637 1.072954192126309 -0.25443097772797274 1.3141564920338145 1.3816477412879384 0.6999999429007167 -0.1340962585042074
1.6426572743503636 5.688074565278772 1.0365447909809267 -0.2678118026624583 1.2974355729119862 1.3770636002784125 0.6999999392465446 -0.13380824934485597
1.6783010621928205 5.748320058711501 0.9981282687786718 -0.2810809486473231 1.2793796841113598 1.3716839476998217 0.6999999350502307 -0.13269145984864775
1.716232404031512 5.80715212759388 0.9577067700568475 -0.2941476966613157 1.2599506182531448 1.3654853325834977 0.6999999301897992 -0.1306674801399254
1.756510194658682 5.864403315574957 0.9152958102063653 -0.30691355201146314 1.2391142041324914 1.3584458524103598 0.6999999245031389 -0.12765855350147445
1.7991791166921038 5.919895314469267 0.8709259362915227 -0.31927247559803495 1.2168409898141166 1.3505455578855077 0.6999999177695951 -0.1235892358657185
1.8442674094456215 5.973440104991823 0.8246444371555761 -0.33111131387951304 1.1931069559802743 1.3417668437397339 0.6999999096804427 -0.11838838281478095
1.8917846696868668 6.024841550265513 0.7765170587602721 -0.34231046134612536 1.167894249732743 1.3320948105030286 0.6999998997895748 -0.11199147466612347
1.9417197707931324 6.073897478566684 0.726629665878638 -0.35274478838826345 1.1411919258860208 1.3215175796133827 0.6999998874270883 -0.10434327042138063
1.9940390029430413 6.120402275618034 0.6750897754273976 -0.36228486380599745 1.112996679447242 1.3100265420043558 0.6999998715386311 -0.09540075417734024
2.0486845505910942 6.164149984441924 0.6220278711719424 -0.3707984941240905 1.0833135496980961 1.2976165188067552 0.6999998503638408 -0.08513630318093023
2.1055734323922035 6.204937882372775 0.5675983961109418 -0.3781525907713874 1.052156573414448 1.2842858124312366 0.699999820728359 -0.07354096647296916
2.164597030517553 6.242570471071242 0.5119803099336437 -0.3842153607832898 1.0195493627220686 1.2700361275543843 0.6999997762721425 -0.060627700119024186
2.2256213283812847 6.276863777998574 0.4553770973481218 -0.3888587972253549 0.985525582451144 1.254872344924518 0.6999997021266239 -0.046434364420650756
2.288487955384448 6.307649829372727 0.3980161221581853 -0.3919614229499921 0.9501293035515347 1.2388021370504079 0.6999995535689059 -0.031026257246371834
2.3530160947001693 6.334781116037748 0.3401472513611897 -0.39341121757320524 0.9134152184916233 1.2218354262885907 0.69999910568857 -0.01449794623213101
2.418976485427902 6.358124667428016 0.2820660473479318 -0.3931095436455286 0.8754652694829468 1.203991483653827 0.699692399305764 0.0030167392767663777
2.4846998029382528 6.37717079468761 0.22531310819365494 -0.39101978940538135 0.8372018733391322 1.1856878409549507 0.6842740259775988 0.020897542401472395
2.5498411142309885 6.392101502669919 0.17021168852071253 -0.3871286336995564 0.7988134578808807 1.1670074134205917 0.6683050557975471 0.03891155705824928
2.614105626036725 6.4031469499606635 0.11704174319746151 -0.3814449902552221 0.7604709104277416 1.148023727342276 0.652068200566468 0.05683643444334348
2.6772345942487212 6.410569599150056 0.06605219993456533 -0.37399889940814135 0.7223362620368498 1.1288048557890877 0.6356384465314835 0.0744609084708072
2.7390095882469874 6.41465591784708 0.017456464633580596 -0.36483982430772893 0.6845602010941673 1.1094123935270952 0.6190999824537258 0.09159075100412441
2.799254733033092 6.415707691913344 -0.02857042915919657 -0.3540344739857212 0.6472800528683962 1.0899008146349671 0.6025432513866233 0.10805350322007745
2.857836973325124 6.414033516606496 -0.07189295829109967 -0.3416643028986429 0.6106183221680399 1.0703172054026744 0.586061578648534 0.1237017108707827
2.914664579252899 6.409940958535415 -0.11241462448935019 -0.3278228455933955 0.5746818347114374 1.0507013330596484 0.5697478237151633 0.13841457305247415
2.969684232189388 6.403729759092388 -0.15007605635804872 -0.31261303747443653 0.539561459928731 1.0310859888693225 0.5536913587132449 0.1520980811895899
3.022877090389653 6.395686306748406 -0.18485199086776802 -0.29614465196520084 0.5053323558170366 1.011497532324324 0.5379755838885895 0.1646838550923562
3.0742542407706464 6.386079465376341 -0.21674746299398767 -0.27853195560961175 0.4720546484028325 0.9919565614201102 0.5226760930057708 0.17612696355589164
3.123851906586829 6.375157726584931 -0.2457935290984627 -0.2598916508855993 0.4397744448103277 0.9724786405064269 0.5078595113123804 0.1864030472401243
3.1717267162120812 6.363147565942697 -0.27204281648799306 -0.24034114591513706 0.40852507802347465 0.9530750293008889 0.4935829570639669 0.1955050497046223
3.2179512610377965 6.350252828429016 -0.2955651399304228 -0.2199971637722144 0.378328489935585 0.9337533714159352 0.47989402993613034 0.20343982142922656
3.2626100932114266 6.33665494429433 -0.3164433666949697 -0.1989746832566039 0.34919667360171724 0.9145183157381481 0.46683120545788487 0.21022480515610525
3.3057962451416154 6.322513776325958 -0.33476965356791294 -0.17738618819109778 0.3211331124898539 0.8953720574694548 0.45442450967408343 0.21588495065506105
3.3476082969481964 6.307968915820399 -0.3506421280442597 -0.15534119305068636 0.29413417145094134 0.8763147966275456 0.4426963568080565 0.2204499514041142
3.388147976639058 6.29314127036355 -0.3641620445430203 -0.1329460080958094 0.2681904094235823 0.8573451199962155 0.43166244904608575 0.22395184954876962
3.427518249827918 6.278134816157848 -0.37543141589870477 -0.11030370601751734 0.24328779664591088 0.8384603180629754 0.4213326570235314 0.2264230207829205
3.4658218391135915 6.2630384170596995 -0.38455109993163067 -0.08751425328267362 0.21940882903854583 0.819656651789429 0.411711818856628 0.22789452734843718
3.5031601052184977 6.247927639159231 -0.39161930914952603 -0.06467477189838788 0.1965335395103111 0.8009295856344522 0.40280041266800937 0.22839481384285737
3.5396322200985186 6.232866512318691 -0.39673050679937194 -0.041879900388370604 0.1746404105005359 0.7822740035782324 0.39459507162576357 0.22794871510017278
3.5753345643156074 6.217909208125181 -0.39997465277519856 -0.01922222577289781 0.15370719447259956 0.7636844243778628 0.3870889214797705 0.22657674615472792
3.6103602853181562 6.203101617295698 -0.40143676666176276 0.0032072391764449686 0.13371164967889856 0.7451552312051724 0.3802717288882847 0.22429464949342778
3.6447989587064273 6.188482819081468 -0.4011967810494053 0.025318557477792603 0.11463219764894607 0.7266809293303184 0.3741298552601878 0.22111318301347632
3.67873630032868 6.1740864411548015 -0.3993296649994859 0.04702237169410002 0.09644850677102605 0.7082564436531941 0.3686460163615199 0.2170381421630742
3.7122538828053955 6.159941911332667 -0.3959058041376296 0.06822943375940112 0.07914200325211938 0.6898774655710735 0.36379885362279707 0.21207062065301094
3.7454288157894404 6.146075602757205 -0.3909916293512092 0.0888501862518194 0.06269630683143121 0.6715408557334551 0.3595623300633257 0.2062075249241827
3.7783333551874625 6.132511872219341 -0.3846504895258885 0.10879442296709939 0.04709758408220332 0.6532451054314926 0.35590497314580277 0.19944236715279998
3.811034413165214 6.119273987553891 -0.37694376419092956 0.12797105982752865 0.032334807219829176 0.6349908544210988 0.3527889997262354 0.19176636860429278
3.843592948682557 6.106384934857288 -0.3679322083226015 0.14628805061086494 0.01839990141909442 0.6167814566226496 0.3501693753666837 0.18316990783336268
3.876063228299691 6.093868090191898 -0.35767751285692767 0.1636524850441283 0.0052877592902644205 0.5986235772056094 0.3479928819369476 0.17364434433263345
3.9084919598027428 6.081747734149372 -0.3462440498248643 0.17997090855783668 -0.007003901834495267 0.5805277950822082 0.34619729309864655 0.16318423513708377
3.9409173173744474 6.070049382134585 -0.33370075000842514 0.19514990224810785 -0.0184748647562613 0.5625091741634266 0.34471078508027514 0.15178993690271206
3.9733678967265584 6.058799899814528 -0.3201230339994768 0.20909695694252844 -0.029122941329814002 0.5445877557159404 0.3434517364560588 0.13947054694420583
4.005861661237652 6.04802737346314 -0.3055946861780934 0.22172166524299491 -0.03894471943333568 0.5267889142434657 0.3423290896318437 0.12624708300466478
4.038404964087352 6.0377607106690565 -0.2902095288052425 0.23293723877391687 -0.047936528082632095 0.5091435125755324 0.3412434505277582 0.1121557353092195
4.070991753750494 6.028028959601498 -0.274072725537885 0.24266233397810005 -0.056095600576862296 0.49168779085095776 0.3400890823556872 0.09725095204183175
4.103603086822993 6.018860355569008 -0.25730152744226104 0.25082313919473936 -0.06342138983659025 0.47446293150981844 0.338756895819572 0.08160805216639322
4.136207077895855 6.010281131413527 -0.2400252781700646 0.25735564056570676 -0.0699169612808172 0.45751426037307075 0.33713844648323177 0.0653250137096736
4.168759405977173 6.002314160873675 -0.22238452575945775 0.2622079485810904 -0.07559036093407508 0.4408900730680513 0.3351308226764729 0.04852308015383638
4.201204467110502 5.994977536753941 -0.20452915069683256 0.26534253654640655 -0.08045583569517174 0.42464011481009634 0.332642156889479 0.03134587965316175
4.23347721276591 5.988283212078861 -0.186615511787759 0.26673822361615296 -0.08453477505629706 0.40881378540946917 0.32959734449407224 0.013956870697463843
4.2655056471536845 5.982235845325358 -0.1688027238238058 0.2663917344946111 -0.08785625410655004 0.39345818329506566 0.32594343895304717 -0.0034648912154180106
4.297213882524082 5.976831984544385 -0.15124829735161824 0.2643186894137746 -0.09045708844343706 0.3786161339477543 0.32165414681421617 -0.020730450808365095
4.328525582143122 5.972059697315476 -0.13410346971683784 0.26055392169414937 -0.09238136026686929 0.3643243617794934 0.3167328935258638 -0.03764767719625264
4.359367569326475 5.967898706472634 -0.11750861700889495 0.2551510816295331 -0.09367943436762982 0.3506119556349253 0.3112140771556398 -0.05402840064616276
4.38967335843514 5.964321032761747 -0.10158914394967236 0.2481815561077605 -0.09440654248843812 0.33749924699692546 0.30516235067063996 -0.0696952552177258
4.419386375062066 5.961292085727876 -0.08645219954662453 0.23973280254208876 -0.09462106342316931 0.32499717203534756 0.29867003150558463 -0.08448753565671732
4.448462675377671 5.958772094357423 -0.0721844693589556 0.2299062529471252 -0.09438265535019613 0.3131071330075773 0.29185297609270244 -0.09826549594963546
4.476873039705301 5.956717737903336 -0.05885116943489344 0.21881498180185108 -0.09375040209676348 0.30182132157736424 0.28484542855062134 -0.11091271145274116
4.50460438984347 5.955083828756429 -0.04649623589435031 0.2065813465908644 -0.09278111764569529 0.29112342518434337 0.2777944275143533 -0.12233635210986667
4.531660550016139 5.953824911803106 -0.03514358953586824 0.19333480418230295 -0.09152791915042802 0.2809896129401683 0.2708543289629757 -0.13246542408561462
4.558062426907554 5.952896672900587 -0.024799271779159054 0.1792100847702165 -0.09003913639832048 0.2713896907288692 0.264181893937869 -0.14124719412086462
4.583847718752689 5.952257085319126 -0.015454202724544662 0.16434587525939262 -0.08835758346868618 0.2622883238086594 0.2579322290467647 -0.14864209510823873
4.609070275131971 5.951867259785281 -0.007087301624045315 0.14888413317587862 -0.08652018284240126 0.2536462447486527 0.2522556866060285 -0.15461742083513996
4.633799219445529 5.951691995363985 0.0003312739452817637 0.1329701267062978 -0.08455790725492984 0.24542139002435218 0.24729565392032166 -0.1591400646958083
4.658117917886298 5.951700051515796 0.006836982996050769 0.11675328052076663 -0.08249599124697232 0.23756993586180472 0.24318699775141225 -0.1621684618553118
4.682122834418173 5.951864175279517 0.012468029007643312 0.10038890244420155 -0.08035436169282786 0.23004723024817417 0.2400547758973303 -0.1636437807656508
4.7059222509405885 5.95216092247209 0.017262913380840482 0.08404087205952951 -0.07814824241015324 0.222808642322823 0.2380126647266943 -0.16348030384672035
4.729634752183467 5.952570309995019 0.021258557230724895 0.06788538515178506 -0.07588889965775196 0.21581037295208494 0.2371603494130025 -0.16155486907744454
4.753387268222245 5.953075330296347 0.024489147644773956 0.052115859334777734 -0.07358451027910141 0.20901029252050574 0.23757884242431318 -0.1576952581700732
4.7773123211316015 5.9536613516034915 0.026985905848740593 0.036949100678238665 -0.07124114985274965 0.20236889570205904 0.2393222884914178 -0.15166758656539073
4.801543918824932 5.954315421998418 0.028778045188746076 0.022632780159233926 -0.06886391154290412 0.19585048987028314 0.24240423569994937 -0.14316320519004733
4.826211259434754 5.955025495874083 0.0298952794764057 0.009454121489528728 -0.06645817339013531 0.18942476411287865 0.24677558584060674 -0.13178658669705198
4.8514290426036 5.955779613221658 0.030372330815393943 -0.002250628365150353 -0.06403102637703215 0.1830689159983316 0.2522905628288024 -0.11704749854679079
4.8772827521101805 5.956565092183638 0.03025590273752354 -0.012087025304818253 -0.06159284850814022 0.1767705314342526 0.25865638837081956 -0.09836396939667898
4.9038068894068925 5.957367848869946 0.02961438206462573 -0.019595791911561883 -0.059158949628615384 0.1705313910159855 0.2653628228731667 -0.07508766606743632
4.930954108153035 5.958172032084333 0.028549836586185 -0.0242528267944425 -0.05675110890162931 0.1643722584359931 0.2715912731096483 -0.04657034882880616
4.958554186346568 5.958960223968121 0.027210268306855603 -0.025482546453625396 -0.0543986915382933 0.15833840065500288 0.2761133033257933 -0.012297196591828959
4.986264895106898 5.959714425934383 0.025797160588876374 -0.02269389939219701 -0.05213892227966322 0.1525049831248386 0.2772097041240989 0.02788647061428385
5.013523361259616 5.960417772994362 0.024559334516579955 -0.015349082749644789 -0.05001594780687764 0.14698053495520783 0.2726753883440274 0.07344816642552221
5.039516508778385 5.961056275777894 0.023761089179572367 -0.0030698166032485583 -0.0480787135593518 0.14190564159593347 0.2600098851461283 0.12279266146396231
